[ a, B, C, D, A, B1 ] = Initialization;

R22 = A(2,2);
R23 = A(2,3);
R26 = R23;
R28 = R23;

R32 = R23;
R33 = A(3,3);
R34 = A(3,4);
R36 = - R23;
R37 = A(3,7);
R38 = A(3,8);

R43 = R34;
R44 = A(4,4);
R45 = A(4,5);
R47 = R37;
R48 = - R37;

R54 = R45;
R55 = A(5,5);

R62 = R23;
R63 = -R23;
R66 = A(6,6);
R68 = -R23;

R73 = R37;
R74 = R37;
R77 = A(7,7);
R78 = R37;

R82 = R23;
R83 = A(8,3);
R84 = -R37;
R86 = -R23;
R87 = R37;
R88 = R83;

A1 = [ 0 0 0 0 0 0 0 0;
    0 R22 R23 0 0 R26 0 R28;
    0 R32 R33 R34 0 R36 R37 R38;
    0 0 R43 R44 R45 0 R47 R48;
    0 0 0 R54 R55 0 0 0;
    0 R62 R63 0 0 R66 0 R68;
    0 0 R73 R74 0 0 R77 R78;
    0 R82 R83 R84 0 R86 R87 R88];




%% 

S11 = B1(1,1);

S22 = B1(2,2);
S23 = B1(2,3);
S26 = -S22;
S28 = -S22;

S32 = -S22;
S33 = B1(3,3);
S34 = B1(3,4);
S36 = S22;
S37 = B1(3,7);
S38 = B1(3,8);

S42 = S11;
S43 = -S37;
S44 = S34;
S47 = S37;
S48 = -S37;

S52 = S11;

S62 = -S22;
S63 = S22;
S66 = B1(6,6);
S68 = S22;

S73 = S37;
S74 = S37;
S77 = B1(7,7);
S78 = S37;

S82 = -S22;
S83 = S38;
S84 = -S37;
S86 = S22;
S87 = S37;
S88 = S38;

B2 = [1 0 0 0 0 0 0 0;
    0 S22 S23 0 0  S26 0 S28;
    0 S32 S33 S34 0 S36 S37 S38;
    0 S42 S43 S44 0 0 S47 S48;
    0 S52 0 0 0 0 0 0;
    0 S62 S63 0 0 S66 0 S68;
    0 0 S73 S74 0 0 S77 S78;
    0 S82 S83 S84 0 S86 S87 S88];
    
    


