%Pump parameters

%CONSTANTS

% c2 Pump: UPMXL GEO
e01.Ah01 = 1.2024;
e01.Ah11 = 0.0098;      
e01.Ah21 = 0.0147;       
e01.kv100 = 1; 
e01.omega = 1;
e01.dP = 0;
pump.e01 = e01;

% c16 Pump: UPMXL GEO
e08.Ah01 = 1.2024;
e08.Ah11 = 0.0098;      
e08.Ah21 = 0.0147;       
e08.kv100 = 1; 
e08.omega = 1;
e08.dP = 0;
pump.e08 = e08;

% c18 Pump: UPM2
e09.Ah02 = 0.6921;
e09.Ah12 = -0.0177;      
e09.Ah22 = 0.0179;       
e09.kv100 = 1; 
e09.omega = 1;
e09.dP = 0;
pump.e09 = e09;

% c25 Pump: UPM2
e16.Ah02 = 0.6921;
e16.Ah12 = -0.0177;       
e16.Ah22 = 0.0179;       
e16.kv100 = 1;     
e16.omega = 1;
e16.dP = 0;
pump.e16 = e16;

